"DateTime"," NDVI (Landsat 4/5/7/8 SR) at Polygon 1, 1984-01-01 to 2019-08-15"," NDVI (Landsat 4/5/7/8 SR) at Polygon 2, 1984-01-01 to 2019-08-15"
"1984-04-10",0.2002,0.0964
"1984-05-12",0.3805,
"1984-06-06",0.3847,0.3922
"1984-06-13",0.3943,
"1984-06-22",0.4282,0.4387
"1984-06-29",0.4191,0.4334
"1984-07-08",0.3757,0.4187
"1984-07-15",0.4106,0.4122
"1984-07-24",,
"1984-08-25",0.4649,0.4659
"1984-11-04",0.4084,0.322
"1984-11-13",0.4436,0.3906
"1984-11-20",0.4616,0.4167
"1984-12-22",0.3833,0.3466
"1985-01-07",,0.1661
"1985-01-16",0.3903,0.3381
"1985-01-23",0.3963,0.2957
"1985-02-01",0.2051,0.2026
"1985-02-08",0.2846,0.2601
"1985-02-17",,
"1985-04-06",0.3626,0.3063
"1985-04-13",0.3541,0.3441
"1985-05-08",0.3951,0.4023
"1985-05-24",0.3944,0.4017
"1985-07-27",0.4476,0.4688
"1985-08-12",0.4529,0.4686
"1985-08-28",0.4473,0.4602
"1985-09-04",0.1867,0.3158
"1985-09-13",0.432,0.4496
"1985-10-15",0.436,0.4004
"1985-10-22",0.4463,0.4632
"1985-10-31",,
"1985-11-16",0.2023,0.2023
"1985-11-23",0.3567,0.3229
"1985-12-02",0.2525,0.2556
"1985-12-09",,
"1986-01-03",0.3887,0.3582
"1986-01-10",0.3352,0.3346
"1986-01-19",,
"1986-01-26",0.462,0.4436
"1986-02-04",0.4457,0.3804
"1986-02-27",0.2578,
"1986-03-08",,
"1986-03-15",,0.3102
"1986-03-31",,0.3608
"1986-04-09",0.3525,0.3156
"1986-04-25",0.3787,0.3928
"1986-05-02",,0.2697
"1986-05-11",0.3839,0.396
"1986-05-18",0.3655,0.4054
"1986-06-03",,0.3388
"1986-06-12",0.4139,0.4328
"1986-06-19",0.4157,0.423
"1986-06-28",0.3999,0.4399
"1986-07-05",,
"1986-07-14",0.4259,0.458
"1986-07-21",,0.3179
"1986-07-30",0.4268,0.4555
"1986-08-06",0.4424,0.4717
"1986-08-15",0.4397,0.4697
"1986-08-22",,0.4216
"1986-08-31",0.456,0.4777
"1986-09-07",,
"1986-09-16",0.3061,
"1986-09-23",0.3816,0.4521
"1986-10-02",0.4322,0.4497
"1986-10-09",0.4433,0.4669
"1986-10-18",0.4438,0.4684
"1986-10-25",0.4551,0.4828
"1986-11-10",0.3139,0.2745
"1986-11-26",0.2901,0.273
"1986-12-12",0.2402,0.2306
"1986-12-21",0.3229,0.2633
"1986-12-28",0.3145,0.28
"1987-01-06",0.3712,0.2739
"1987-01-13",0.3409,0.2975
"1987-01-22",0.2465,0.2314
"1987-01-29",0.3071,0.2551
"1987-02-07",0.3639,0.2595
"1987-03-02",0.1578,0.1432
"1987-04-03",0.2644,0.194
"1987-04-19",0.3833,0.3628
"1987-04-28",0.385,0.393
"1987-05-05",,
"1987-05-14",0.39,0.4091
"1987-05-30",0.4075,0.4276
"1987-06-06",0.3821,0.3766
"1987-06-15",0.4307,0.4562
"1987-06-22",0.4358,0.4691
"1987-07-01",0.444,0.4749
"1987-07-24",0.45,0.4182
"1987-08-02",0.4622,0.4863
"1987-08-09",0.2764,0.4244
"1987-08-18",0.4641,0.4788
"1987-08-25",0.4529,0.448
"1987-09-03",0.4712,0.4847
"1987-09-10",0.4564,0.4731
"1987-09-19",0.4592,0.4732
"1987-09-26",0.4382,0.4591
"1987-10-05",0.3757,0.3737
"1987-10-12",0.4606,0.4702
"1987-10-21",0.4615,0.4712
"1987-11-14",0.3022,0.4784
"1988-03-04",,
"1988-03-20",,
"1988-03-29",0.1298,0.12
"1988-04-05",0.3609,0.3346
"1988-04-14",,
"1988-04-21",0.3924,0.4092
"1988-04-30",0.3272,0.408
"1988-05-07",0.3902,0.4074
"1988-05-16",0.3973,0.4079
"1988-05-23",0.3913,0.3945
"1988-06-01",0.321,0.3864
"1988-06-08",0.3897,0.4305
"1988-06-17",0.4316,0.4545
"1988-06-24",0.4342,0.4666
"1988-07-03",0.4389,0.4698
"1988-07-26",0.4074,0.4568
"1988-07-27",0.4387,0.4766
"1988-08-11",0.4349,0.3957
"1988-08-27",0.4285,0.3456
"1988-09-05",0.4712,0.4987
"1988-09-21",0.3658,
"1988-09-28",0.4063,0.458
"1988-10-07",0.4302,0.4471
"1988-10-14",0.4585,0.4816
"1988-10-23",0.4687,0.4925
"1988-10-30",0.4613,0.4841
"1989-04-01",,
"1989-04-08",0.3578,0.4152
"1989-04-17",0.376,0.3903
"1989-04-24",0.3943,0.4301
"1989-05-03",0.3792,0.3091
"1989-05-10",,
"1989-05-26",,
"1989-06-11",,
"1989-06-20",0.307,0.3207
"1989-07-05",0.4343,0.4628
"1989-07-13",0.4587,0.4901
"1989-07-14",0.4143,0.4756
"1989-07-22",0.362,0.4483
"1989-07-29",0.4421,0.4731
"1989-08-07",0.45,0.4807
"1989-08-14",0.4683,0.4968
"1989-08-15",0.4558,0.4928
"1989-08-23",0.4507,0.4842
"1989-08-30",0.4506,0.4929
"1989-08-31",0.4303,0.4701
"1989-09-07",0.4336,0.4701
"1989-09-08",0.4078,0.4227
"1989-09-15",0.4622,0.4994
"1989-09-24",0.4514,0.481
"1989-10-01",0.4627,0.4876
"1989-10-10",0.455,0.4783
"1989-10-17",,
"1990-02-15",0.1691,0.1639
"1990-03-26",0.3513,0.338
"1990-04-04",0.3861,0.3718
"1990-04-11",,0.3756
"1990-04-20",0.414,0.3993
"1990-04-27",,
"1990-05-06",0.4025,0.4018
"1990-05-13",0.3656,
"1990-05-22",0.3907,0.4078
"1990-06-23",0.4224,0.4476
"1990-07-09",0.4616,0.4789
"1990-08-10",0.3775,0.4439
"1990-09-02",0.4551,0.4941
"1990-09-11",0.4831,0.503
"1990-09-27",,
"1990-10-04",,
"1990-10-13",0.482,0.4987
"1990-10-29",0.4919,0.5092
"1991-03-22",0.1152,0.1448
"1991-03-29",,
"1991-04-07",,
"1991-04-14",0.2102,0.1893
"1991-04-23",,
"1991-04-30",0.1465,0.194
"1991-05-09",,
"1991-05-25",0.4177,0.4341
"1991-06-01",,
"1991-06-10",0.4115,0.4024
"1991-06-17",0.4345,0.4753
"1991-06-26",0.4139,0.4563
"1991-07-03",0.4374,0.4824
"1991-07-12",0.4629,0.3854
"1991-07-19",0.4525,0.4373
"1991-07-28",0.4647,0.5098
"1991-08-04",,
"1991-08-20",,0.4844
"1991-08-29",0.4861,0.532
"1991-09-05",0.4265,0.51
"1991-09-14",0.4653,0.5092
"1991-09-21",0.4596,0.5037
"1991-10-07",0.4176,0.4761
"1991-10-16",0.4432,0.4795
"1991-10-23",,0.2551
"1992-01-20",0.2528,0.2292
"1992-03-15",0.2585,0.1848
"1992-03-24",0.2315,0.186
"1992-03-31",,
"1992-04-09",0.3173,0.3538
"1992-04-16",0.27,
"1992-04-25",0.3693,0.4007
"1992-05-02",0.2242,
"1992-05-11",0.365,0.4013
"1992-05-18",0.3197,0.2966
"1992-06-03",0.32,0.3831
"1992-06-04",0.3612,0.4052
"1992-06-11",0.2934,0.3005
"1992-06-12",0.408,0.453
"1992-06-19",0.4026,0.441
"1992-06-20",0.3489,
"1992-06-28",0.3046,0.4152
"1992-07-05",0.4251,0.4671
"1992-07-06",0.4413,0.4743
"1992-07-21",0.4367,0.4655
"1992-07-30",0.4377,0.463
"1992-08-15",0.4443,0.4696
"1992-08-22",0.4216,0.3836
"1992-08-31",,
"1992-09-07",0.4221,0.4606
"1992-09-16",0.3877,0.3978
"1992-09-23",0.4468,0.4765
"1992-10-02",0.4248,0.4451
"1992-10-09",0.4099,0.4255
"1992-10-18",0.3936,0.457
"1992-10-25",0.3512,0.391
"1992-11-03",,
"1992-11-10",0.1803,0.2645
"1992-11-26",0.1779,0.1691
"1992-12-12",,
"1992-12-21",0.2551,0.2442
"1993-01-06",0.259,0.2338
"1993-01-13",0.2769,0.2494
"1993-01-22",0.2988,0.2669
"1993-01-29",,
"1993-02-07",,
"1993-02-14",,0.1493
"1993-02-23",0.2896,0.2335
"1993-03-02",0.2987,0.2331
"1993-03-18",,
"1993-04-03",,
"1993-04-12",0.3781,0.3961
"1993-04-19",,0.313
"1993-04-28",0.3725,0.3957
"1993-05-05",,
"1993-05-14",0.3668,0.341
"1993-05-30",0.3174,0.358
"1993-06-06",,
"1993-06-15",0.4153,0.4088
"1993-06-22",0.4223,0.4607
"1993-07-01",0.4236,0.4629
"1993-07-08",0.2974,0.4062
"1993-07-17",,
"1993-07-24",,0.4496
"1993-08-02",0.4479,0.4725
"1993-08-09",0.4554,0.4859
"1993-08-18",0.3516,0.4124
"1993-08-25",0.4312,0.4787
"1993-09-03",0.479,0.51
"1993-09-10",0.451,0.4775
"1993-09-19",0.4105,0.4847
"1993-09-26",0.4578,0.4864
"1993-10-05",0.4374,0.4589
"1993-10-12",0.3911,0.4306
"1993-10-21",0.4626,0.483
"1993-10-28",0.1224,
"1993-11-06",0.2439,0.1596
"1993-11-13",0.339,0.2892
"1993-11-22",0.3517,0.3375
"1993-11-29",0.4198,0.3854
"1993-12-08",0.2471,0.3046
"1993-12-24",,
"1994-01-09",0.3966,0.3605
"1994-01-16",,
"1994-01-25",,
"1994-02-01",0.178,0.1631
"1994-02-10",0.2588,
"1994-02-17",,
"1994-02-26",0.3317,0.2984
"1994-03-14",0.3714,0.3765
"1994-03-21",0.4348,0.4272
"1994-03-30",0.1431,0.1288
"1994-04-06",0.0992,0.0905
"1994-04-15",0.3505,0.3222
"1994-04-22",0.3967,0.4109
"1994-05-01",,
"1994-05-08",0.4014,0.4339
"1994-05-17",0.3837,0.4078
"1994-05-24",0.316,0.3674
"1994-06-02",0.4288,0.4139
"1994-06-09",0.4404,0.4736
"1994-06-18",0.4393,0.4741
"1994-06-25",0.4165,0.3753
"1994-07-04",0.4414,0.4723
"1994-07-11",0.4226,0.4584
"1994-08-05",,0.4093
"1994-08-12",0.484,0.5144
"1994-08-21",0.4737,0.4925
"1994-09-06",0.4377,0.5137
"1994-09-13",,
"1994-09-22",0.4895,0.5214
"1994-09-29",,
"1994-10-08",0.4159,0.382
"1994-10-15",,
"1994-10-24",0.3715,0.433
"1994-10-31",0.3307,0.387
"1994-11-09",0.2983,0.2355
"1994-11-16",0.1972,0.3197
"1994-11-25",0.4435,0.378
"1994-12-02",0.511,0.4966
"1994-12-11",,
"1994-12-18",0.4776,0.4548
"1994-12-27",0.5103,0.5141
"1995-01-03",0.3395,0.3041
"1995-01-12",,
"1995-01-19",0.5003,0.4822
"1995-01-28",0.3812,0.2393
"1995-02-04",0.3754,0.2571
"1995-02-13",0.1361,0.1659
"1995-02-20",0.3753,0.3005
"1995-03-08",,
"1995-03-17",,
"1995-03-24",0.3803,0.4285
"1995-04-02",0.2618,
"1995-04-18",,
"1995-04-25",0.2539,0.1179
"1995-05-04",0.2867,0.2617
"1995-05-11",,
"1995-06-05",0.4195,0.4094
"1995-06-12",0.4326,0.4662
"1995-06-21",0.4442,0.4755
"1995-06-28",0.3785,0.4041
"1995-07-07",0.4713,0.501
"1995-07-23",0.3712,0.4933
"1995-07-30",0.4148,0.5089
"1995-08-08",,
"1995-08-15",0.5191,0.5575
"1995-08-24",0.533,0.5509
"1995-08-31",0.5387,0.5737
"1995-09-09",0.3516,
"1995-09-16",0.515,0.5432
"1995-09-25",0.5621,0.5806
"1995-10-02",0.5332,0.562
"1995-10-11",0.5111,0.5316
"1995-10-18",0.5122,0.5524
"1995-11-03",0.5406,0.5693
"1995-11-19",0.3402,0.483
"1995-12-05",0.5318,0.5542
"1995-12-14",0.539,0.5588
"1995-12-21",0.4044,0.3202
"1996-01-31",0.2979,0.3205
"1996-02-07",0.3302,0.3072
"1996-02-16",0.5052,0.4949
"1996-02-23",0.4997,0.5143
"1996-03-03",0.4716,0.4501
"1996-03-10",,
"1996-03-19",0.3077,0.2347
"1996-03-26",0.3695,0.3715
"1996-04-11",0.4304,0.4523
"1996-04-27",,
"1996-05-06",0.4401,0.4423
"1996-05-13",0.4105,0.4493
"1996-05-22",0.4247,0.4518
"1996-05-29",0.4564,0.4886
"1996-06-07",0.4405,0.4682
"1996-06-14",,
"1996-06-23",0.4635,0.4887
"1996-06-30",0.3657,0.4266
"1996-07-16",0.472,0.5104
"1996-07-25",0.4713,0.4787
"1996-08-01",0.469,0.5035
"1996-08-10",0.5085,0.533
"1996-08-17",0.4796,0.5151
"1996-08-26",0.4794,0.4873
"1996-09-02",,
"1996-09-11",0.4787,0.4831
"1996-09-18",0.5264,0.559
"1996-09-27",0.1611,0.1389
"1996-10-04",0.4647,0.4926
"1996-10-13",0.5053,0.529
"1996-10-20",0.2593,0.3352
"1996-10-29",,
"1996-11-14",,
"1996-11-21",,
"1996-11-30",,
"1996-12-07",0.3067,0.2797
"1996-12-16",,
"1996-12-23",0.2358,0.2778
"1997-01-01",,
"1997-01-08",0.2948,0.3126
"1997-01-17",0.3645,0.3447
"1997-01-24",0.4927,0.4781
"1997-02-02",0.5126,0.5201
"1997-02-09",0.3961,0.3866
"1997-02-18",0.4513,0.4572
"1997-02-25",0.1767,0.1479
"1997-03-06",0.2823,0.2314
"1997-03-22",0.2886,0.4382
"1997-03-29",,
"1997-04-07",0.2251,0.2068
"1997-04-14",,
"1997-04-23",,
"1997-04-30",0.398,0.4388
"1997-05-09",0.4097,0.433
"1997-05-16",0.4122,0.4432
"1997-05-25",0.4424,
"1997-06-01",0.4234,0.451
"1997-06-10",0.4145,0.4483
"1997-06-17",,
"1997-06-26",0.4787,0.513
"1997-07-03",0.4611,0.5
"1997-07-12",0.4584,0.4869
"1997-07-19",,
"1997-08-13",0.4997,0.5326
"1997-08-20",0.5204,0.5602
"1997-08-29",0.4463,0.5279
"1997-09-05",0.5136,0.5581
"1997-09-14",0.5069,0.5415
"1997-09-30",0.515,0.5421
"1997-10-07",0.3796,0.3799
"1997-10-16",0.5067,0.5305
"1997-11-01",0.2797,0.2257
"1997-11-17",0.3313,0.2961
"1997-11-24",0.3947,0.3513
"1997-12-03",0.2063,0.1961
"1997-12-26",0.2406,0.2325
"1998-01-04",0.3304,0.2982
"1998-01-11",,
"1998-01-20",,
"1998-01-27",0.3113,0.2621
"1998-02-05",0.233,0.2061
"1998-02-12",0.3093,0.2536
"1998-02-28",0.2888,0.2212
"1998-03-09",0.2026,0.1876
"1998-03-16",,
"1998-03-25",0.3628,0.3309
"1998-04-01",0.312,0.2224
"1998-04-10",0.3184,
"1998-04-17",0.1287,0.116
"1998-05-03",0.378,0.417
"1998-05-12",0.4315,0.432
"1998-05-19",0.4034,0.4367
"1998-05-28",0.4332,0.4518
"1998-06-04",0.3866,
"1998-06-13",0.432,0.4544
"1998-06-20",0.4355,0.4682
"1998-06-29",0.4413,0.4711
"1998-07-15",0.4591,0.491
"1998-07-22",,0.4322
"1998-07-31",,
"1998-08-07",0.4832,0.5162
"1998-08-16",0.4893,0.5048
"1998-08-23",0.4926,0.5256
"1998-09-01",,
"1998-09-08",0.487,0.5171
"1998-09-17",0.516,0.5427
"1998-09-24",0.5132,0.541
"1998-10-03",0.3852,0.3662
"1998-10-10",0.4946,0.5205
"1998-10-19",0.4879,0.5093
"1998-11-04",0.3769,0.3492
"1998-11-11",0.2474,0.2454
"1998-11-20",,
"1998-11-27",0.5332,0.5648
"1998-12-06",0.2841,0.2819
"1998-12-13",0.3629,0.3282
"1998-12-22",0.2629,0.2902
"1998-12-29",0.3228,0.2812
"1999-01-07",0.3828,0.3024
"1999-01-14",,
"1999-01-23",0.2931,0.2781
"1999-01-30",,
"1999-02-08",0.4893,0.4729
"1999-02-24",0.3347,0.369
"1999-03-19",0.4141,0.4333
"1999-03-28",0.4179,0.4351
"1999-04-04",0.1322,0.1343
"1999-04-20",0.4048,0.4313
"1999-05-06",0.3992,0.4306
"1999-05-15",0.3966,0.4237
"1999-05-22",0.4043,0.4234
"1999-05-31",0.3393,0.4096
"1999-06-07",0.4281,0.4631
"1999-06-23",0.4435,0.4838
"1999-07-01",0.4544,0.4974
"1999-07-02",,
"1999-07-09",,
"1999-07-10",0.4839,0.5013
"1999-07-17",0.4989,0.4814
"1999-07-18",,0.4829
"1999-07-25",,
"1999-07-26",0.4776,0.5277
"1999-08-02",0.4913,0.5446
"1999-08-03",0.4444,0.514
"1999-08-10",0.3269,
"1999-08-11",,
"1999-08-18",0.4986,0.5514
"1999-08-19",0.4915,0.5325
"1999-08-26",0.4947,0.546
"1999-08-27",0.5102,0.5537
"1999-09-03",0.5018,0.5131
"1999-09-04",0.4899,0.5342
"1999-09-11",,
"1999-09-12",0.4763,0.5308
"1999-09-27",0.3903,0.4281
"1999-09-28",,
"1999-10-05",0.4779,0.5183
"1999-10-06",,
"1999-10-13",0.4815,0.5202
"1999-10-14",0.4869,0.5182
"1999-10-21",0.4853,0.4418
"1999-10-22",0.4772,0.4821
"1999-10-29",,0.2304
"1999-10-30",0.5075,0.5444
"1999-11-06",0.525,0.5629
"1999-11-07",0.4745,0.5013
"1999-11-14",0.5164,0.5508
"1999-11-15",0.5263,0.563
"1999-11-23",0.1306,0.1265
"1999-11-30",,
"1999-12-01",0.5065,0.4973
"1999-12-08",,
"1999-12-17",0.2881,0.2796
"1999-12-24",0.3428,0.3511
"1999-12-25",0.3754,0.3529
"2000-01-02",0.2103,0.2104
"2000-01-09",0.3361,0.3177
"2000-01-10",,
"2000-01-17",
"2000-01-18",0.196,
"2000-01-26",,
"2000-02-02",0.1652,0.1602
"2000-02-03",0.289,0.2689
"2000-02-10",,
"2000-02-11",0.1859,
"2000-02-18",0.1473,0.1453
"2000-02-19",0.3339,0.2859
"2000-02-26",0.4443,0.3805
"2000-02-27",0.2738,0.2772
"2000-03-05",0.4072,0.3008
"2000-03-06",0.4599,0.3635
"2000-03-13",0.4565,0.4047
"2000-03-14",0.4313,0.4158
"2000-03-21",,0.1172
"2000-03-29",0.4393,0.3072
"2000-04-07",0.3357,0.398
"2000-04-14",0.409,0.4566
"2000-04-23",,
"2000-05-01",0.2716,
"2000-05-09",0.3534,0.4613
"2000-05-16",0.4304,0.4736
"2000-05-17",,
"2000-05-24",,
"2000-05-25",0.4045,
"2000-06-01",0.4259,0.4749
"2000-06-02",0.4169,0.4262
"2000-06-09",,
"2000-06-10",0.417,0.4566
"2000-06-17",,
"2000-06-18",0.4128,0.4689
"2000-06-25",0.3367,
"2000-07-03",,
"2000-07-04",0.4315,0.4777
"2000-07-11",0.4319,0.445
"2000-07-12",0.3766,
"2000-07-19",0.4618,0.5142
"2000-07-20",0.45,0.5005
"2000-07-27",0.3403,0.3988
"2000-07-28",0.4429,0.4764
"2000-08-04",0.4457,0.4848
"2000-08-05",0.4471,0.4993
"2000-08-12",,
"2000-08-13",0.4576,0.4907
"2000-08-20",,
"2000-08-21",0.3739,
"2000-08-28",0.4667,0.505
"2000-09-05",0.472,0.5147
"2000-09-06",,0.4566
"2000-09-13",0.4614,0.4952
"2000-09-14",0.4694,0.507
"2000-09-21",0.3647,0.4647
"2000-09-22",,
"2000-09-29",0.2417,0.2473
"2000-09-30",0.4747,0.5113
"2000-10-07",,
"2000-10-08",0.4479,0.4767
"2000-10-15",0.4669,0.5074
"2000-10-16",0.4796,0.5143
"2000-10-23",,
"2000-10-24",0.471,0.5102
"2000-10-31",,
"2000-11-01",0.4875,0.5228
"2000-11-08",0.3648,0.3991
"2000-11-09",0.4042,0.4385
"2000-11-16",0.2651,0.2589
"2000-11-17",0.2945,0.2785
"2000-11-24",0.3688,0.3405
"2000-11-25",0.3806,0.3726
"2000-12-02",0.4342,0.4184
"2000-12-03",0.4543,0.4254
"2000-12-10",,
"2000-12-11",0.143,0.1571
"2000-12-18",0.3967,0.3874
"2000-12-19",,
"2000-12-26",0.2797,0.2838
"2000-12-27",0.412,0.3626
"2001-01-04",0.4775,0.4695
"2001-01-11",0.4973,0.4985
"2001-01-12",0.4731,0.4822
"2001-01-19",0.3039,0.3426
"2001-01-20",,
"2001-01-27",,
"2001-02-04",0.3613,0.3185
"2001-02-05",0.3956,0.3623
"2001-02-12",0.258,0.2591
"2001-02-13",0.2855,0.273
"2001-02-20",0.35,0.3131
"2001-02-21",0.365,0.3103
"2001-02-28",,
"2001-03-01",0.2003,
"2001-03-08",0.3239,0.2786
"2001-03-09",0.3936,0.3439
"2001-03-16",,
"2001-03-24",0.1374,0.1498
"2001-03-25",0.233,
"2001-04-01",0.4279,0.4462
"2001-04-02",0.3457,0.4453
"2001-04-09",0.3864,0.4335
"2001-04-10",,
"2001-04-17",0.3937,0.4097
"2001-04-18",0.3751,0.3476
"2001-04-25",0.3874,0.4347
"2001-04-26",0.4015,0.4405
"2001-05-11",0.3651,0.4102
"2001-05-12",0.3883,0.4348
"2001-05-19",,
"2001-05-20",0.4069,0.4564
"2001-05-27",0.293,0.4165
"2001-05-28",,
"2001-06-04",0.3773,
"2001-06-05",0.3786,0.4506
"2001-06-12",0.2637,0.3829
"2001-06-13",,
"2001-06-20",0.4033,
"2001-06-21",0.405,0.4682
"2001-06-28",0.4159,0.4653
"2001-06-29",0.4487,0.5343
"2001-07-06",0.3131,0.3645
"2001-07-07",0.4189,0.4735
"2001-07-15",0.3995,0.4508
"2001-07-22",,0.4798
"2001-07-23",,
"2001-07-30",0.3728,
"2001-07-31",0.3837,0.5187
"2001-08-07",0.467,0.5046
"2001-08-08",0.4604,0.4656
"2001-08-15",0.4423,0.4895
"2001-08-16",,
"2001-08-23",,
"2001-08-24",0.4556,0.5121
"2001-08-31",,
"2001-09-01",0.4803,0.5174
"2001-09-08",0.0991,
"2001-09-09",0.4752,0.4908
"2001-09-16",0.3172,0.3814
"2001-09-17",0.4861,0.5128
"2001-09-24",0.4505,0.5169
"2001-09-25",0.4425,0.4952
"2001-10-02",0.3033,0.4916
"2001-10-03",0.452,0.5184
"2001-10-11",,
"2001-10-18",0.3905,0.2849
"2001-10-19",0.4578,0.5105
"2001-10-26",0.4813,0.5528
"2001-10-27",,
"2001-11-03",0.2457,0.3506
"2001-11-04",0.4883,0.5464
"2001-11-11",0.4928,0.5411
"2001-11-12",0.466,0.5278
"2001-11-19",0.3655,0.3693
"2001-11-20",0.4889,0.518
"2001-11-27",0.1079,0.1205
"2001-11-28",0.1716,0.1953
"2001-12-05",0.4384,0.4801
"2001-12-06",0.4768,0.52
"2001-12-13",0.3333,0.3266
"2001-12-14",,
"2001-12-21",0.4472,0.4886
"2001-12-22",0.1911,0.26
"2001-12-29",0.4286,0.4087
"2001-12-30",,
"2002-01-06",0.3188,0.3669
"2002-01-07",0.3537,0.342
"2002-01-14",0.4765,0.4496
"2002-01-15",0.4053,0.4058
"2002-01-22",0.4378,0.4339
"2002-01-23",,
"2002-01-30",0.0971,0.0779
"2002-01-31",0.2488,0.2572
"2002-02-07",0.389,0.3915
"2002-02-08",0.3624,0.3905
"2002-02-15",0.1402,0.1952
"2002-02-16",0.3058,0.2918
"2002-02-23",0.2356,0.2537
"2002-02-24",0.3946,0.3915
"2002-03-03",0.1223,0.1865
"2002-03-12",,
"2002-03-19",0.1866,0.1958
"2002-03-28",0.3663,0.4124
"2002-04-04",0.4044,0.4726
"2002-04-13",0.3927,0.4561
"2002-04-20",0.3516,0.4206
"2002-04-29",0.2678,0.3428
"2002-05-06",0.3742,0.4408
"2002-05-07",0.3567,0.4135
"2002-05-14",,
"2002-05-15",,0.4041
"2002-05-22",0.3697,0.436
"2002-05-23",,
"2002-05-31",0.3751,0.3907
"2002-06-07",0.3685,0.4464
"2002-06-08",0.3572,0.4176
"2002-06-15",,
"2002-06-16",0.0645,0.3275
"2002-06-23",0.1181,0.3551
"2002-06-24",0.082,0.2863
"2002-07-01",0.0614,0.2356
"2002-07-02",0.1073,0.3171
"2002-07-09",0.1349,0.3628
"2002-07-10",0.1231,0.305
"2002-07-17",0.139,0.3474
"2002-07-18",0.1237,0.3591
"2002-07-25",0.1111,0.2816
"2002-07-26",0.1307,0.3704
"2002-08-02",,0.0857
"2002-08-03",,
"2002-08-10",0.1378,0.3912
"2002-08-11",0.1321,0.3716
"2002-08-18",,0.1937
"2002-08-19",0.1222,0.3527
"2002-08-26",0.1316,0.3845
"2002-08-27",0.1035,0.3145
"2002-09-03",0.1013,
"2002-09-04",0.1057,0.3595
"2002-09-11",,
"2002-09-12",0.1299,0.3743
"2002-09-19",0.1268,0.372
"2002-09-20",0.1427,0.3992
"2002-09-27",,
"2002-09-28",0.1234,0.2425
"2002-10-05",,0.3613
"2002-10-06",0.1344,0.3983
"2002-10-13",0.1401,0.4099
"2002-10-14",0.122,0.3704
"2002-10-21",0.1174,0.3676
"2002-10-22",0.1118,
"2002-10-29",,
"2002-10-30",-0.0105,0.1236
"2002-11-06",0.1154,0.3602
"2002-11-07",,
"2002-11-14",0.1007,0.3906
"2002-11-22",,
"2002-11-23",,
"2002-11-30",0.0904,0.3105
"2002-12-01",,
"2002-12-08",,
"2002-12-09",0.1186,0.4515
"2002-12-16",0.1281,0.4731
"2002-12-17",0.0992,0.3989
"2002-12-24",0.0212,0.2349
"2002-12-25",0.0646,0.3039
"2003-01-01",-0.0206,
"2003-01-02",-0.0073,0.1994
"2003-01-09",0.0676,0.3818
"2003-01-10",0.0872,0.1933
"2003-01-17",0.1122,0.4308
"2003-01-18",0.1112,0.3687
"2003-01-25",0.1051,0.3994
"2003-01-26",0.1189,0.4388
"2003-02-02",,0.2217
"2003-02-03",-0.0283,0.1037
"2003-02-10",-0.0303,0.1331
"2003-02-11",,
"2003-02-19",0.0357,0.1587
"2003-02-27",-0.0184,0.1075
"2003-03-06",-0.0281,0.1088
"2003-03-07",0.0134,0.11
"2003-03-14",0.0993,0.2218
"2003-03-15",0.1266,0.3297
"2003-03-22",-0.4164,0.0299
"2003-03-23",-0.0314,0.0653
"2003-03-30",0.0107,
"2003-03-31",,
"2003-04-07",0.1103,0.3011
"2003-04-08",0.105,0.2742
"2003-04-16",0.1235,0.3595
"2003-04-23",,
"2003-04-24",-0.3091,
"2003-05-01",0.1095,0.3156
"2003-05-02",,
"2003-05-09",0.103,0.2521
"2003-05-10",,
"2003-05-17",0.1453,0.3577
"2003-05-18",0.1201,0.288
"2003-05-25",0.1187,0.3333
"2003-05-26",0.1222,0.3344
"2003-06-02",0.1083,0.263
"2003-06-11",0.1453,0.3807
"2003-06-18",0.1056,
"2003-06-27",0.154,0.3845
"2003-07-04",0.1544,0.3957
"2003-07-13",,
"2003-07-20",0.1596,0.3825
"2003-07-21",0.1496,0.3876
"2003-07-28",0.1381,0.2832
"2003-07-29",,
"2003-08-05",0.1593,0.4153
"2003-08-06",0.1585,0.4228
"2003-08-13",0.1647,0.4159
"2003-08-14",0.1714,0.4166
"2003-08-21",0.1272,
"2003-08-22",0.1374,0.3675
"2003-08-29",0.1495,0.3613
"2003-09-06",,
"2003-09-15",0.1807,0.431
"2003-09-22",0.1757,0.4265
"2003-09-23",0.169,0.4138
"2003-09-30",0.1578,0.3897
"2003-10-01",0.144,0.3134
"2003-10-08",0.166,0.4019
"2003-10-09",0.1609,0.4088
"2003-10-16",0.1107,0.2261
"2003-10-17",0.1575,0.4045
"2003-10-24",0.1532,0.4102
"2003-10-25",0.1435,0.3022
"2003-11-01",,
"2003-11-02",0.1529,0.3522
"2003-11-09",0.1176,0.314
"2003-11-10",0.1444,0.4309
"2003-11-17",0.1423,0.4463
"2003-11-18",0.1383,0.4278
"2003-11-25",0.0245,0.1397
"2003-11-26",0.0709,0.2966
"2003-12-03",,
"2003-12-04",0.1207,0.3573
"2003-12-11",0.0137,0.2118
"2003-12-12",0.024,0.233
"2003-12-19",0.0348,0.2659
"2003-12-20",,
"2003-12-27",0.0569,0.2491
"2003-12-28",0.0696,0.2821
"2004-01-04",-0.0375,0.173
"2004-01-05",-0.0101,0.2139
"2004-01-12",0.0665,0.2992
"2004-01-13",0.1249,0.393
"2004-01-21",-0.0061,0.1491
"2004-01-28",0.0018,0.2057
"2004-01-29",,
"2004-02-05",-0.1066,0.0837
"2004-02-06",-0.0228,0.1244
"2004-02-13",,
"2004-02-14",-0.018,0.1512
"2004-02-21",,
"2004-02-22",,
"2004-02-29",-0.0026,0.0754
"2004-03-01",0.0341,0.1718
"2004-03-08",0.055,0.1842
"2004-03-09",0.0933,0.2524
"2004-03-16",,
"2004-03-17",0.1235,0.3401
"2004-03-24",,
"2004-03-25",0.1278,0.3516
"2004-04-01",0.1228,0.3047
"2004-04-02",,
"2004-04-17",0.143,0.3562
"2004-04-18",0.1195,0.2534
"2004-04-25",,
"2004-04-26",0.1379,0.26
"2004-05-03",0.1515,0.3344
"2004-05-04",0.1401,0.3477
"2004-05-11",0.1628,0.362
"2004-05-12",,
"2004-05-19",0.114,
"2004-05-20",,
"2004-05-27",0.1846,0.3918
"2004-05-28",,
"2004-06-04",,0.2897
"2004-06-05",0.1813,0.3727
"2004-06-12",0.091,0.2081
"2004-06-13",0.1913,
"2004-06-20",0.2043,0.4029
"2004-06-21",,
"2004-06-28",0.2082,0.4213
"2004-06-29",0.2063,0.3164
"2004-07-06",0.2223,0.4255
"2004-07-07",0.2132,0.4183
"2004-07-14",0.2166,0.4246
"2004-07-15",0.2246,0.4338
"2004-07-22",0.2189,0.3624
"2004-07-30",,0.3834
"2004-07-31",0.2506,0.4256
"2004-08-07",,
"2004-08-08",0.2605,0.447
"2004-08-15",0.2479,0.4362
"2004-08-16",0.2462,0.425
"2004-08-23",0.1823,
"2004-08-24",0.2372,0.4464
"2004-08-31",0.2593,0.4423
"2004-09-01",0.2621,0.4468
"2004-09-08",0.2289,0.4231
"2004-09-09",0.2388,0.4413
"2004-09-16",0.2283,0.4442
"2004-09-17",0.223,0.4181
"2004-09-24",0.2131,0.4196
"2004-09-25",0.2073,0.4313
"2004-10-02",0.2213,0.4487
"2004-10-03",0.2104,0.416
"2004-10-10",0.1785,0.3856
"2004-10-11",0.1548,0.3279
"2004-10-18",0.1886,0.4487
"2004-10-26",0.1875,0.4296
"2004-10-27",0.1198,
"2004-11-03",0.0331,0.1951
"2004-11-04",,
"2004-11-11",0.1087,0.1417
"2004-11-12",,
"2004-11-19",0.1759,0.3622
"2004-12-05",0.0253,0.2436
"2004-12-06",0.047,0.2325
"2004-12-13",0.1265,
"2004-12-14",0.1149,
"2004-12-21",0.0871,0.2558
"2004-12-22",0.0107,0.1166
"2004-12-30",0.1345,0.3445
"2005-01-06",-0.0035,0.1897
"2005-01-07",0.015,0.2155
"2005-01-14",-0.006,0.1969
"2005-01-15",-0.0014,0.2187
"2005-01-22",0.0745,0.2977
"2005-01-23",0.1086,0.3143
"2005-01-31",-0.0284,0.026
"2005-02-07",,
"2005-02-08",0.0079,0.0456
"2005-02-15",0.0502,
"2005-02-16",,
"2005-02-23",,
"2005-02-24",0.1163,0.2862
"2005-03-03",0.0867,0.206
"2005-03-04",0.1206,0.3128
"2005-03-11",0.0971,0.2453
"2005-03-12",0.1084,0.2806
"2005-03-19",,
"2005-03-20",0.0759,0.1082
"2005-03-27",0.1226,0.1693
"2005-03-28",0.0848,
"2005-04-04",0.119,0.2326
"2005-04-12",-0.5392,-0.1235
"2005-04-13",-0.0303,0.0788
"2005-04-20",0.1394,0.3386
"2005-04-21",0.1479,0.3689
"2005-04-28",0.0964,0.2323
"2005-05-06",,0.1802
"2005-05-07",0.148,0.2133
"2005-05-14",0.105,
"2005-05-15",0.1757,0.3578
"2005-05-22",0.201,0.3796
"2005-05-23",0.1976,0.3833
"2005-05-30",0.1821,0.3808
"2005-05-31",0.2188,0.396
"2005-06-07",0.2216,0.3885
"2005-06-08",0.2207,0.3911
"2005-06-15",0.2276,0.4015
"2005-06-16",0.2375,0.3925
"2005-06-23",,
"2005-06-24",0.2449,0.4294
"2005-07-01",0.2227,0.4316
"2005-07-02",0.2356,0.4074
"2005-07-09",0.2105,0.3972
"2005-07-10",0.2258,0.3209
"2005-07-17",0.21,0.4313
"2005-07-18",0.2222,0.4136
"2005-07-26",0.1802,0.4458
"2005-08-02",0.2048,0.4124
"2005-08-03",0.1957,0.414
"2005-08-10",0.1962,0.3316
"2005-08-11",0.1697,
"2005-08-18",0.2274,0.4643
"2005-08-19",,
"2005-08-26",0.2202,0.4232
"2005-08-27",0.2357,0.4366
"2005-09-03",0.2364,0.4333
"2005-09-04",0.2362,0.4394
"2005-09-11",0.2363,0.4416
"2005-09-12",0.2331,0.4488
"2005-09-19",0.225,0.4463
"2005-09-20",0.2059,0.3488
"2005-09-27",0.2095,0.4079
"2005-10-06",0.2022,0.4047
"2005-10-13",0.1644,0.278
"2005-10-14",0.2031,0.4055
"2005-10-21",0.171,0.4152
"2005-10-22",0.1948,0.4278
"2005-10-29",,0.1776
"2005-10-30",0.166,0.4479
"2005-11-06",0.1348,
"2005-11-07",0.1597,0.4061
"2005-11-14",0.14,0.2476
"2005-11-15",0.0179,0.1664
"2005-11-22",0.1223,0.3575
"2005-11-23",0.1441,0.3999
"2005-12-01",,
"2005-12-08",-0.0305,0.19
"2005-12-17",0.0409,0.1605
"2005-12-24",,
"2006-01-02",0.1373,0.4407
"2006-01-09",0.1337,0.4148
"2006-01-10",0.1132,0.3494
"2006-01-17",0.0722,0.2576
"2006-01-18",0.1307,0.3972
"2006-01-25",,
"2006-01-26",0.0048,0.1937
"2006-02-03",0.1131,0.3187
"2006-02-10",0.0007,0.1331
"2006-02-11",0.0204,0.1987
"2006-02-18",0.0179,0.1366
"2006-02-19",0.0486,0.2007
"2006-02-26",0.0986,0.2622
"2006-02-27",0.1161,0.3196
"2006-03-06",0.1062,0.2945
"2006-03-07",0.1362,0.407
"2006-03-14",0.121,0.2021
"2006-03-23",0.101,0.258
"2006-03-30",0.1375,0.3946
"2006-03-31",,
"2006-04-07",,
"2006-04-08",0.1395,0.3764
"2006-04-15",,
"2006-04-16",0.1445,0.3476
"2006-04-23",0.1474,0.3542
"2006-04-24",,
"2006-05-01",0.1579,0.3651
"2006-05-02",0.1467,0.3415
"2006-05-09",0.0935,0.1524
"2006-05-10",0.1732,0.3346
"2006-05-17",0.1645,0.3366
"2006-05-18",0.1596,0.3403
"2006-05-25",0.1684,0.3233
"2006-05-26",,
"2006-06-02",0.1796,0.3576
"2006-06-03",0.1527,0.3162
"2006-06-10",,
"2006-06-11",0.1762,0.3784
"2006-06-18",0.1789,0.3827
"2006-06-19",0.1744,0.3268
"2006-06-26",0.1669,0.3636
"2006-06-27",0.1728,0.3325
"2006-07-04",0.1746,0.3816
"2006-07-05",0.1635,0.3023
"2006-07-12",0.1501,0.3465
"2006-07-13",0.1971,0.3957
"2006-07-20",0.225,0.421
"2006-07-21",0.2317,0.3735
"2006-07-28",0.1956,
"2006-07-29",0.2429,0.4477
"2006-08-06",,
"2006-08-13",0.281,0.3856
"2006-08-14",0.3017,0.4749
"2006-08-21",0.2762,0.3762
"2006-08-22",0.2261,0.295
"2006-08-29",0.309,0.4629
"2006-08-30",0.3078,0.4789
"2006-09-06",0.2631,0.367
"2006-09-07",0.2778,0.3978
"2006-09-14",0.276,0.4196
"2006-09-15",0.2801,0.4522
"2006-09-23",,
"2006-09-30",0.2455,0.4339
"2006-10-01",,
"2006-10-16",0.2095,
"2006-10-24",,
"2006-10-25",0.1159,0.2517
"2006-11-01",0.047,0.165
"2006-11-02",0.0658,0.197
"2006-11-09",0.1777,0.4264
"2006-11-10",0.1624,0.3977
"2006-11-17",0.156,0.4117
"2006-11-18",0.1678,0.4415
"2006-11-25",0.1638,0.4538
"2006-11-26",0.1471,0.4203
"2006-12-03",-0.0282,0.0889
"2006-12-04",-0.0135,0.1764
"2006-12-11",0.024,0.1507
"2006-12-12",,
"2006-12-19",0.0267,0.1696
"2006-12-27",-0.0721,0.0816
"2007-01-04",-0.0419,0.0957
"2007-01-12",-0.1671,0.1482
"2007-01-13",-0.0203,0.1407
"2007-01-20",,
"2007-01-21",,
"2007-01-28",-0.1342,0.157
"2007-01-29",-0.0454,0.1367
"2007-02-05",-0.0407,0.0856
"2007-02-06",-0.0636,0.0969
"2007-02-13",,
"2007-02-14",-0.0157,0.1097
"2007-02-21",-0.0268,0.1148
"2007-02-22",-0.0747,0.1243
"2007-03-01",-0.2336,0.0628
"2007-03-02",,
"2007-03-09",-0.0041,0.083
"2007-03-10",,
"2007-03-17",,
"2007-03-18",0.0829,0.119
"2007-03-25",0.1301,0.2732
"2007-03-26",0.1428,0.3446
"2007-04-02",0.1263,0.3785
"2007-04-03",0.15,0.3598
"2007-04-11",0.1527,0.3637
"2007-04-18",0.1584,0.375
"2007-04-19",0.1508,0.3543
"2007-04-26",-0.0864,0.0411
"2007-04-27",0.0878,0.0817
"2007-05-05",0.165,
"2007-05-12",0.1997,0.3608
"2007-05-13",0.1972,0.3411
"2007-05-20",0.2216,0.3129
"2007-05-21",,
"2007-05-28",0.1507,0.3103
"2007-05-29",0.253,0.3512
"2007-06-05",,
"2007-06-13",,
"2007-06-14",0.2578,0.297
"2007-06-21",0.2446,0.4357
"2007-06-22",,0.4051
"2007-06-29",0.2783,0.4281
"2007-06-30",0.2747,0.4343
"2007-07-07",0.2691,0.4625
"2007-07-08",0.2544,0.3267
"2007-07-15",0.2628,0.3612
"2007-07-16",0.2652,0.4429
"2007-07-23",0.254,0.3698
"2007-07-24",0.2541,0.4075
"2007-07-31",0.2489,0.4243
"2007-08-01",0.2594,0.4487
"2007-08-08",0.2783,0.4995
"2007-08-09",0.2663,0.4641
"2007-08-16",0.2699,0.4367
"2007-08-17",0.236,0.4892
"2007-08-24",0.2703,0.4336
"2007-08-25",0.2622,0.4612
"2007-09-01",0.2334,0.434
"2007-09-02",0.2584,0.4788
"2007-09-09",0.2317,0.4556
"2007-09-17",,
"2007-09-18",0.248,0.4498
"2007-09-25",0.2441,0.4583
"2007-09-26",0.2286,0.436
"2007-10-03",0.2138,0.4377
"2007-10-04",0.2097,0.4441
"2007-10-11",0.1937,0.4373
"2007-10-20",0.187,0.4469
"2007-10-27",0.1645,0.4013
"2007-11-05",0.1744,0.4482
"2007-11-12",,
"2007-11-21",-0.0383,0.0585
"2007-11-28",0.0662,
"2007-12-14",0.0098,0.1021
"2007-12-23",0.0199,0.2391
"2007-12-30",-0.0012,0.1973
"2008-01-08",-0.0013,0.1654
"2008-01-15",,
"2008-01-24",0.0053,0.1988
"2008-01-31",0.0111,0.1854
"2008-02-01",0.0182,0.1838
"2008-02-08",-0.0018,0.1532
"2008-02-09",0.0115,0.175
"2008-02-16",0.0497,0.1982
"2008-02-25",,
"2008-03-03",-0.4176,0.0799
"2008-03-04",-0.0054,0.1289
"2008-03-11",0.0476,0.1415
"2008-03-12",,
"2008-03-19",0.069,0.1716
"2008-03-20",0.1,0.2234
"2008-03-27",0.0643,0.231
"2008-03-28",0.1223,0.2837
"2008-04-04",0.1477,0.35
"2008-04-05",0.0832,0.2242
"2008-04-12",0.0746,0.1509
"2008-04-13",0.14,0.3486
"2008-04-20",0.1478,0.3723
"2008-04-21",0.1378,0.3374
"2008-04-28",,
"2008-04-29",,
"2008-05-06",0.1251,0.3337
"2008-05-07",0.1137,
"2008-05-14",0.1242,0.218
"2008-05-15",,
"2008-05-22",,
"2008-05-23",0.1631,0.3268
"2008-05-30",0.1925,0.3691
"2008-05-31",0.1941,0.3681
"2008-06-07",0.2131,0.3969
"2008-06-08",0.1787,
"2008-06-15",0.2002,0.3812
"2008-06-16",,
"2008-06-23",0.1423,
"2008-06-24",0.1986,0.3766
"2008-07-01",0.171,
"2008-07-02",0.1982,0.3863
"2008-07-09",0.2104,0.4084
"2008-07-10",0.1872,0.3561
"2008-07-17",0.1679,
"2008-07-18",0.1905,0.399
"2008-07-25",0.1967,0.3779
"2008-07-26",,
"2008-08-02",0.1709,0.3763
"2008-08-03",0.1814,0.3863
"2008-08-11",0.1991,0.4154
"2008-08-18",0.188,0.4008
"2008-08-19",0.2017,0.4101
"2008-08-26",0.2159,0.4375
"2008-08-27",0.2133,0.4214
"2008-09-03",0.2225,0.4243
"2008-09-04",0.2184,0.4332
"2008-09-11",0.2151,0.4111
"2008-09-19",0.2108,0.3955
"2008-09-20",0.2205,0.4401
"2008-09-27",0.2462,0.4501
"2008-09-28",0.2199,0.426
"2008-10-05",,
"2008-10-06",0.2297,0.4517
"2008-10-13",0.1558,
"2008-10-21",,
"2008-10-22",0.0171,0.1323
"2008-10-29",0.1784,0.4523
"2008-10-30",0.1582,0.4051
"2008-11-06",0.1512,0.4036
"2008-11-07",0.1604,0.4449
"2008-11-14",0.017,
"2008-11-15",0.1443,0.4174
"2008-11-22",0.1509,0.4461
"2008-11-23",0.1562,0.4531
"2008-11-30",,
"2008-12-09",-0.0056,0.073
"2008-12-16",,
"2008-12-25",0.1008,0.2671
"2009-01-01",0.0691,
"2009-01-09",,
"2009-01-10",,0.0842
"2009-01-17",0.0468,0.1823
"2009-01-18",0.0982,0.2493
"2009-01-25",0.1093,0.1702
"2009-01-26",,
"2009-02-02",0.0789,0.2426
"2009-02-03",0.1377,0.3885
"2009-02-10",,
"2009-02-11",0.1202,
"2009-02-18",0.1048,0.2903
"2009-02-19",0.1385,0.3664
"2009-02-26",0.1472,0.3485
"2009-02-27",0.1263,0.3758
"2009-03-06",0.1374,0.3973
"2009-03-07",0.145,0.2357
"2009-03-14",0.154,0.3961
"2009-03-15",0.1357,0.3898
"2009-03-22",0.1424,0.3946
"2009-03-23",,
"2009-03-30",0.1353,0.267
"2009-03-31",0.1217,0.279
"2009-04-07",0.1341,0.2629
"2009-04-08",0.1537,0.3587
"2009-04-15",0.1554,0.3739
"2009-04-16",,
"2009-04-23",0.1332,0.3507
"2009-04-24",0.1308,0.2542
"2009-05-01",0.1101,0.2263
"2009-05-09",,0.2168
"2009-05-10",,
"2009-05-17",0.1819,0.3684
"2009-05-18",0.1719,0.3371
"2009-05-25",,
"2009-06-02",,
"2009-06-03",0.1955,0.3996
"2009-06-10",,
"2009-06-18",0.2458,0.3506
"2009-06-19",0.251,0.4289
"2009-06-27",0.2753,0.4304
"2009-07-04",0.2812,0.4137
"2009-07-05",0.2732,0.4707
"2009-07-12",0.2259,0.3941
"2009-07-13",0.2898,0.447
"2009-07-20",,
"2009-07-21",0.2756,0.4403
"2009-07-28",0.2927,0.4079
"2009-07-29",0.2212,
"2009-08-05",0.2844,0.4533
"2009-08-06",0.2286,0.4801
"2009-08-13",0.2556,0.4198
"2009-08-21",0.2684,0.4541
"2009-08-29",0.2031,0.3189
"2009-08-30",0.2327,0.3278
"2009-09-07",0.24,0.4573
"2009-09-14",0.2414,0.4676
"2009-09-15",0.2503,0.4459
"2009-09-22",0.1981,0.3485
"2009-09-30",0.2179,0.4318
"2009-10-01",0.2268,0.4266
"2009-10-08",,
"2009-10-09",0.1874,0.443
"2009-10-16",0.1884,0.4512
"2009-10-17",0.2006,0.4348
"2009-10-24",0.0878,0.2248
"2009-10-25",,
"2009-11-01",0.0153,0.2082
"2009-11-02",0.1334,0.3173
"2009-11-09",,
"2009-11-10",0.1578,0.4098
"2009-11-17",-0.1339,0.152
"2009-11-18",0.0044,0.1922
"2009-11-25",,0.1791
"2009-11-26",0.1161,0.3375
"2009-12-03",0.0222,0.1434
"2009-12-04",0.0718,0.2239
"2009-12-11",0.0317,0.2218
"2009-12-12",0.0222,0.2331
"2009-12-19",0.0635,0.2629
"2009-12-28",0.0076,0.2196
"2010-01-04",0.0483,0.2227
"2010-01-12",0.0826,0.281
"2010-01-13",0.1081,
"2010-01-20",,
"2010-01-21",,
"2010-01-28",0.0308,0.1561
"2010-01-29",0.0065,0.1872
"2010-02-05",,0.1551
"2010-02-06",,
"2010-02-13",,
"2010-02-14",0.0347,0.1462
"2010-02-22",,
"2010-03-01",0.0239,
"2010-03-02",0.0625,0.1404
"2010-03-09",0.0643,0.1719
"2010-03-10",0.0329,
"2010-03-17",0.063,0.1506
"2010-03-18",0.0913,0.1597
"2010-03-25",-0.5301,-0.3199
"2010-03-26",-0.0336,0.1046
"2010-04-02",,
"2010-04-03",0.0959,0.2035
"2010-04-10",0.1349,0.2877
"2010-04-11",,
"2010-04-18",,
"2010-04-19",,0.3364
"2010-04-26",0.0965,0.2061
"2010-04-27",0.1645,0.3557
"2010-05-04",0.1479,0.3556
"2010-05-05",0.1426,0.3105
"2010-05-12",,0.3416
"2010-05-20",0.1875,0.371
"2010-05-21",0.1697,0.3767
"2010-05-28",0.1915,0.3799
"2010-05-29",0.1873,0.3802
"2010-06-05",0.1436,
"2010-06-06",0.2141,0.4086
"2010-06-13",0.1623,0.4727
"2010-06-14",0.2122,0.3894
"2010-06-21",0.2329,0.4085
"2010-06-22",,0.2643
"2010-06-29",0.2442,0.4074
"2010-06-30",0.2321,0.4147
"2010-07-07",0.2186,0.4059
"2010-07-08",0.2455,0.4426
"2010-07-15",0.2399,0.4569
"2010-07-16",0.2304,0.4304
"2010-07-23",,
"2010-07-24",0.2,0.3639
"2010-07-31",0.2649,0.4614
"2010-08-01",0.1988,
"2010-08-08",0.2493,0.451
"2010-08-09",0.2574,0.4033
"2010-08-16",,
"2010-08-17",0.2648,0.4642
"2010-08-24",0.2896,
"2010-08-25",0.268,0.482
"2010-09-01",0.2563,0.4688
"2010-09-02",0.2579,0.4611
"2010-09-09",0.2505,0.4651
"2010-09-10",0.2284,0.4521
"2010-09-17",0.219,0.4574
"2010-09-18",0.2258,0.4379
"2010-09-25",0.2234,0.4558
"2010-09-26",0.2051,0.442
"2010-10-03",0.1937,0.4319
"2010-10-04",,
"2010-10-11",0.1935,0.4285
"2010-10-19",0.1953,0.4307
"2010-10-20",0.2022,0.4531
"2010-10-28",0.1763,0.4559
"2010-11-04",0.1647,0.453
"2010-11-05",0.1852,0.414
"2010-11-12",0.1523,0.416
"2010-11-13",0.1554,0.4471
"2010-11-20",0.1672,0.4756
"2010-11-21",0.1659,0.4067
"2010-11-28",0.1802,0.4757
"2010-12-06",,
"2010-12-07",0.149,0.4773
"2010-12-14",0.1688,0.4422
"2010-12-15",,
"2010-12-22",,0.2596
"2010-12-23",0.1839,0.466
"2010-12-30",,
"2010-12-31",,
"2011-01-07",0.0146,0.2406
"2011-01-08",0.0544,0.2696
"2011-01-15",0.0202,
"2011-01-23",0.0476,0.2114
"2011-01-24",,
"2011-01-31",,
"2011-02-01",-0.0173,0.0997
"2011-02-09",0.0009,0.1388
"2011-02-16",0.0603,0.2055
"2011-02-17",0.086,0.2379
"2011-02-24",0.0897,0.143
"2011-02-25",,
"2011-03-04",,
"2011-03-05",,
"2011-03-12",0.1389,0.3351
"2011-03-13",0.1527,0.368
"2011-03-20",,
"2011-03-21",0.1391,0.3841
"2011-03-28",0.0933,0.3654
"2011-03-29",0.1551,0.3379
"2011-04-05",0.1583,0.4028
"2011-04-06",,
"2011-04-13",0.1355,0.3593
"2011-04-14",,
"2011-04-21",0.1577,0.3693
"2011-04-22",0.1428,0.3646
"2011-04-29",0.1422,0.3508
"2011-04-30",0.135,0.3449
"2011-05-07",0.1394,0.3506
"2011-05-08",0.1428,0.3566
"2011-05-15",,
"2011-05-16",0.1509,0.3585
"2011-05-23",0.1547,0.3043
"2011-05-31",0.1786,0.3909
"2011-06-01",,
"2011-06-08",0.177,0.3794
"2011-06-09",0.1827,0.3832
"2011-06-16",0.1834,0.3779
"2011-06-17",,
"2011-06-24",0.1954,0.318
"2011-06-25",0.2055,0.3958
"2011-07-02",0.2099,0.4101
"2011-07-03",0.1929,
"2011-07-10",,
"2011-07-11",0.2148,0.4
"2011-07-18",0.232,0.4213
"2011-07-19",0.248,0.4336
"2011-07-26",0.2226,0.4174
"2011-07-27",0.2393,0.4313
"2011-08-03",0.2609,0.4595
"2011-08-04",0.2571,0.3889
"2011-08-11",0.2665,0.4562
"2011-08-12",0.2467,0.4529
"2011-08-19",,
"2011-08-20",0.2619,0.4659
"2011-08-27",0.2652,0.4697
"2011-08-28",0.2459,0.4567
"2011-09-04",0.2531,0.4531
"2011-09-05",0.2316,0.4245
"2011-09-12",0.2535,0.4502
"2011-09-20",0.2469,0.4369
"2011-09-21",0.2545,0.4584
"2011-09-28",0.2424,0.4504
"2011-09-29",0.2236,0.4355
"2011-10-06",,
"2011-10-07",0.2331,0.4449
"2011-10-14",0.2279,0.4593
"2011-10-15",0.1746,0.2829
"2011-10-22",0.1921,0.442
"2011-10-23",0.1966,0.4289
"2011-10-30",0.1801,0.3172
"2011-10-31",0.1765,0.3994
"2011-11-07",0.0776,0.1209
"2011-11-15",0.1526,0.3617
"2011-11-16",0.1541,0.4139
"2011-11-23",0.1614,0.4311
"2011-12-02",0.0218,0.2074
"2011-12-09",0.025,0.227
"2011-12-18",0.0893,0.3189
"2011-12-25",-0.0743,0.2017
"2012-01-03",,
"2012-01-10",0.0652,0.2649
"2012-01-19",0.0709,0.2997
"2012-01-26",0.1112,0.3388
"2012-02-04",0.0046,0.0059
"2012-02-11",-0.0349,0.1355
"2012-02-20",0.0571,0.2089
"2012-02-27",0.1006,0.2403
"2012-03-07",0.0872,0.2966
"2012-03-14",0.1025,0.2238
"2012-03-23",0.1358,0.3752
"2012-03-30",0.139,0.3846
"2012-04-08",0.1432,0.3791
"2012-04-15",-0.2985,-0.2543
"2012-04-24",0.1495,0.3828
"2012-05-01",0.1495,0.2845
"2012-05-10",0.1896,0.3893
"2012-05-17",,
"2012-05-26",0.2162,0.3929
"2012-06-02",0.218,0.4111
"2012-06-11",0.2025,0.3899
"2012-06-18",0.2059,0.3953
"2012-06-27",,
"2012-07-04",0.1916,0.3613
"2012-07-13",0.204,0.3883
"2012-07-20",0.2131,0.4036
"2012-07-29",0.2141,0.4131
"2012-08-05",0.2345,0.4352
"2012-08-21",0.2359,0.4035
"2012-08-30",0.2278,0.4243
"2012-09-06",0.2101,0.4388
"2012-09-15",0.2187,0.4116
"2012-09-22",0.2113,0.4041
"2012-10-01",0.2018,0.4232
"2012-10-08",0.2124,0.456
"2012-10-17",0.1954,0.4412
"2012-10-24",0.1748,0.4549
"2012-11-02",,
"2012-11-09",0.1707,0.4673
"2012-11-18",0.1575,0.4633
"2012-11-25",0.1524,0.3908
"2012-12-04",,
"2012-12-11",-0.114,0.2006
"2012-12-20",-0.0061,0.2034
"2012-12-27",0.0047,0.1762
"2013-01-05",-0.0193,0.238
"2013-01-12",0.0338,0.2562
"2013-01-21",0.088,0.3194
"2013-01-28",,
"2013-02-06",0.1191,0.3582
"2013-02-13",,
"2013-02-22",-0.0093,0.0468
"2013-03-01",-0.223,0.1302
"2013-03-10",-0.1297,0.1255
"2013-03-17",0.1247,0.3378
"2013-03-18",0.1708,0.4384
"2013-03-26",0.023,0.1823
"2013-04-02",,
"2013-04-05",,0.3937
"2013-04-11",0.099,0.2412
"2013-04-18",-0.4482,-0.0025
"2013-04-19",0.1749,0.3543
"2013-04-27",0.1292,0.3522
"2013-05-04",0.1246,0.3152
"2013-05-05",,
"2013-05-12",0.1799,0.4356
"2013-05-13",0.1043,0.215
"2013-05-20",0.1299,0.2186
"2013-05-21",0.2038,0.4014
"2013-05-28",0.1512,0.2366
"2013-05-29",0.2023,0.2351
"2013-06-05",0.1949,0.3359
"2013-06-06",0.2421,0.4379
"2013-06-13",0.186,0.3322
"2013-06-14",0.1867,0.2624
"2013-06-21",0.2044,0.3892
"2013-06-22",0.2376,0.4212
"2013-06-29",,
"2013-06-30",,
"2013-07-07",0.1997,0.2672
"2013-07-08",0.2788,0.3923
"2013-07-15",,
"2013-07-16",0.2439,0.39
"2013-07-23",0.2404,0.4374
"2013-07-24",,
"2013-07-31",0.3151,0.5273
"2013-08-01",,
"2013-08-08",0.2574,0.2725
"2013-08-09",0.329,0.4923
"2013-08-16",0.3387,0.4774
"2013-08-17",,
"2013-08-24",0.2903,0.4568
"2013-08-25",0.3356,0.5175
"2013-09-01",0.2991,0.4608
"2013-09-02",0.2976,0.4838
"2013-09-09",0.2583,0.4417
"2013-09-10",,
"2013-09-17",0.3319,0.5399
"2013-09-18",0.2487,0.4073
"2013-09-25",0.2831,0.4908
"2013-09-26",0.3106,0.5247
"2013-10-03",0.2987,0.523
"2013-10-04",0.244,0.427
"2013-10-11",,0.1953
"2013-10-12",0.2728,0.508
"2013-10-19",0.2667,0.5182
"2013-10-20",0.1363,
"2013-10-27",0.2031,0.454
"2013-10-28",0.2296,0.3462
"2013-11-04",0.2174,0.5055
"2013-11-05",,
"2013-11-12",0.1865,0.4654
"2013-11-13",0.2177,0.5304
"2013-11-20",0.2214,0.5578
"2013-11-28",0.1548,0.2926
"2013-11-29",0.2127,0.5367
"2013-12-06",-0.0123,0.4497
"2013-12-07",-0.0069,0.0901
"2013-12-14",0.0501,0.3132
"2013-12-15",0.0985,0.4679
"2013-12-22",0.0442,0.5605
"2013-12-23",0.0699,0.3276
"2013-12-30",0.0369,0.2622
"2013-12-31",0.137,0.492
"2014-01-07",,
"2014-01-08",-0.0155,0.1774
"2014-01-15",,
"2014-01-16",,
"2014-01-23",0.0333,0.4181
"2014-01-24",0.0778,0.28
"2014-02-01",,0.0786
"2014-02-08",-0.0129,0.3189
"2014-02-09",-0.0026,0.1424
"2014-02-16",,
"2014-02-17",0.1347,0.271
"2014-02-24",0.1493,0.3344
"2014-02-25",0.1186,0.2457
"2014-03-04",0.1143,0.2359
"2014-03-05",0.0326,0.1958
"2014-03-12",0.0213,0.2006
"2014-03-13",0.093,0.2553
"2014-03-20",0.1333,0.3168
"2014-03-21",0.1774,
"2014-03-28",0.1892,0.2601
"2014-03-29",0.1301,0.3162
"2014-04-05",,
"2014-04-06",0.1327,0.321
"2014-04-14",-0.1656,0.0626
"2014-04-21",0.1439,0.3243
"2014-04-22",0.1899,0.3986
"2014-04-30",0.1194,0.341
"2014-05-07",0.1316,0.3579
"2014-05-08",,0.4523
"2014-05-15",0.2093,
"2014-05-16",0.1487,0.2936
"2014-05-23",,
"2014-05-24",0.16,0.2187
"2014-05-31",0.2681,0.4692
"2014-06-01",0.2171,0.4063
"2014-06-09",0.2984,0.4796
"2014-06-16",0.2921,0.4741
"2014-06-17",0.2482,0.4096
"2014-06-24",0.2491,0.4235
"2014-06-25",0.2949,0.487
"2014-07-02",0.2858,0.4853
"2014-07-03",0.2388,0.4268
"2014-07-10",0.2299,0.3399
"2014-07-11",,
"2014-07-18",,
"2014-07-19",0.2663,0.4253
"2014-07-26",0.2723,0.4301
"2014-07-27",0.3191,0.5151
"2014-08-03",0.3282,0.5249
"2014-08-04",0.2635,0.3286
"2014-08-11",0.2987,0.4904
"2014-08-12",0.327,0.5226
"2014-08-19",0.3444,0.4796
"2014-08-20",0.282,0.3348
"2014-08-27",0.2586,0.4896
"2014-08-28",0.2699,
"2014-09-04",0.2504,0.3399
"2014-09-05",0.2767,0.4799
"2014-09-12",0.2408,0.4626
"2014-09-13",0.3115,0.532
"2014-09-20",0.3106,0.5316
"2014-09-21",,
"2014-09-29",0.2734,0.4248
"2014-10-06",0.2138,
"2014-10-07",0.2333,0.3264
"2014-10-14",0.2431,0.4764
"2014-10-15",,
"2014-10-22",,
"2014-10-23",,
"2014-10-30",0.1953,0.4747
"2014-10-31",0.2369,0.5212
"2014-11-07",,
"2014-11-08",0.1915,0.4735
"2014-11-15",0.1072,0.283
"2014-11-16",0.051,0.4096
"2014-11-23",0.1925,
"2014-11-24",,
"2014-12-01",0.1697,0.4954
"2014-12-02",0.1729,0.4783
"2014-12-09",,
"2014-12-10",0.162,0.499
"2014-12-17",,
"2014-12-18",0.1586,
"2014-12-25",0.1847,0.5533
"2015-01-02",-0.0919,0.1383
"2015-01-03",,
"2015-01-10",0.1327,0.606
"2015-01-11",,
"2015-01-18",0.1084,0.2964
"2015-01-19",0.1633,0.4487
"2015-01-26",0.1327,0.4553
"2015-01-27",0.1003,0.2561
"2015-02-03",0.1226,0.3338
"2015-02-04",,
"2015-02-12",,0.0844
"2015-02-19",0.1304,0.3175
"2015-02-20",0.1881,0.4989
"2015-02-27",-0.0149,0.2453
"2015-02-28",,
"2015-03-07",0.0316,0.1771
"2015-03-08",0.1055,0.2569
"2015-03-15",0.1836,0.4304
"2015-03-16",0.1412,0.3923
"2015-03-23",0.144,0.4002
"2015-03-24",0.1859,0.478
"2015-03-31",0.1887,0.4715
"2015-04-01",0.101,
"2015-04-08",0.1342,0.3813
"2015-04-09",0.1879,0.4515
"2015-04-16",0.0025,0.0066
"2015-04-17",-0.298,-0.0109
"2015-04-25",0.196,0.4221
"2015-05-02",0.2243,0.4536
"2015-05-03",,0.3814
"2015-05-10",,
"2015-05-11",0.1575,0.073
"2015-05-18",,
"2015-05-26",0.1265,
"2015-05-27",0.2524,
"2015-06-03",0.2554,0.3915
"2015-06-04",0.2335,0.4153
"2015-06-11",,
"2015-06-12",,
"2015-06-19",0.3329,0.5066
"2015-06-20",0.2854,0.4429
"2015-06-27",0.2969,0.4663
"2015-06-28",0.3322,0.5152
"2015-07-05",,
"2015-07-06",,
"2015-07-13",0.255,0.4503
"2015-07-14",0.3374,0.5208
"2015-07-21",0.3733,0.4441
"2015-07-22",0.3342,0.4866
"2015-07-29",0.3066,0.4581
"2015-07-30",0.3534,0.5356
"2015-08-06",0.332,0.5339
"2015-08-07",0.2453,
"2015-08-14",0.302,0.4875
"2015-08-15",0.3594,0.5607
"2015-08-22",0.3437,0.5399
"2015-08-23",0.2941,0.4149
"2015-08-30",0.2928,0.4751
"2015-08-31",0.2932,0.4372
"2015-09-07",,
"2015-09-08",0.2063,
"2015-09-15",0.2642,0.44
"2015-09-16",0.2985,0.5347
"2015-09-23",0.2928,0.54
"2015-09-24",0.2331,0.3549
"2015-10-01",,
"2015-10-02",0.2771,0.5184
"2015-10-09",0.2404,0.5093
"2015-10-10",0.2235,0.4578
"2015-10-17",0.2105,0.4542
"2015-10-18",0.2498,0.5214
"2015-10-25",0.2636,0.5525
"2015-10-26",0.0519,
"2015-11-02",0.2059,0.5042
"2015-11-03",0.2368,0.5474
"2015-11-10",0.2324,0.5626
"2015-11-11",0.0077,0.0721
"2015-11-18",-0.1826,0.1672
"2015-11-19",-0.0116,0.281
"2015-11-26",,
"2015-11-27",-0.0743,0.047
"2015-12-04",0.0318,0.2315
"2015-12-05",,
"2015-12-13",,
"2015-12-20",0.035,0.2525
"2015-12-21",0.0764,0.4288
"2015-12-28",0.0273,0.5676
"2015-12-29",0.0159,0.2071
"2016-01-05",0.0351,0.2559
"2016-01-06",0.0507,0.3082
"2016-01-13",0.0353,0.3928
"2016-01-14",0.0013,0.2213
"2016-01-21",0.0362,0.2474
"2016-01-22",0.1128,0.3973
"2016-01-29",0.0881,0.3715
"2016-01-30",0.0865,
"2016-02-06",,
"2016-02-07",-0.0255,0.2472
"2016-02-14",-0.0334,
"2016-02-15",,
"2016-02-22",,
"2016-03-01",0.1636,0.3068
"2016-03-02",,
"2016-03-09",0.1158,0.2268
"2016-03-10",0.1838,0.4662
"2016-03-17",0.1904,0.4549
"2016-03-18",,
"2016-04-02",0.11,0.1959
"2016-04-03",0.1226,0.2574
"2016-04-10",,
"2016-04-11",0.1872,0.4508
"2016-04-18",,
"2016-04-19",,
"2016-04-26",0.1002,
"2016-04-27",0.2161,0.4631
"2016-05-04",0.2113,0.4764
"2016-05-05",0.1615,0.3975
"2016-05-12",0.1844,0.414
"2016-05-13",0.2185,0.4312
"2016-05-20",0.18,
"2016-05-21",0.1895,0.3633
"2016-05-28",0.2116,0.4005
"2016-05-29",0.2667,0.4818
"2016-06-05",0.2988,0.4437
"2016-06-13",0.3102,0.4948
"2016-06-14",0.3358,0.511
"2016-06-21",0.2911,0.502
"2016-06-22",0.2817,0.4477
"2016-06-29",,
"2016-06-30",0.3154,
"2016-07-07",0.3192,0.5329
"2016-07-08",0.271,0.4511
"2016-07-15",,0.4449
"2016-07-16",0.2914,0.5124
"2016-07-23",0.3161,0.5526
"2016-07-24",0.267,0.4462
"2016-07-31",0.2239,0.4248
"2016-08-01",0.304,0.5138
"2016-08-08",0.2697,0.5297
"2016-08-09",0.2529,0.4801
"2016-08-16",0.2256,0.4563
"2016-08-17",0.2956,0.4357
"2016-08-24",,
"2016-08-25",0.2432,0.4895
"2016-09-01",0.2534,0.4755
"2016-09-02",,
"2016-09-09",0.296,0.5449
"2016-09-10",0.2552,0.4852
"2016-09-17",0.2475,0.4789
"2016-09-18",0.2802,0.5388
"2016-09-25",0.2738,0.5397
"2016-09-26",0.2265,0.4653
"2016-10-03",0.2104,0.464
"2016-10-04",0.2484,0.5253
"2016-10-11",0.2525,0.5504
"2016-10-12",0.1751,0.3458
"2016-10-19",0.1855,0.4584
"2016-10-20",0.2256,0.5362
"2016-10-27",0.2299,0.5582
"2016-10-28",,
"2016-11-04",0.171,0.4577
"2016-11-05",,
"2016-11-12",0.2269,0.575
"2016-11-13",,
"2016-11-20",0.1406,0.4273
"2016-11-21",0.2245,0.5668
"2016-11-28",0.2008,0.4786
"2016-11-29",0.1109,0.2936
"2016-12-06",0.1632,0.4251
"2016-12-07",0.0296,0.3609
"2016-12-14",0.202,0.4766
"2016-12-15",,
"2016-12-23",0.1073,0.4699
"2016-12-30",0.1796,0.5603
"2016-12-31",0.1229,0.3768
"2017-01-07",0.0007,0.2018
"2017-01-08",,
"2017-01-15",,
"2017-01-23",0.0914,0.311
"2017-01-24",,
"2017-01-31",0.1525,0.2337
"2017-02-01",0.135,0.3657
"2017-02-09",,
"2017-02-16",0.19,0.5354
"2017-02-17",0.1195,
"2017-02-24",,
"2017-02-25",0.1469,0.4237
"2017-03-04",0.1843,0.5239
"2017-03-05",,
"2017-03-13",,
"2017-03-20",0.1456,0.4667
"2017-03-21",0.1362,0.3678
"2017-03-28",0.1192,0.2625
"2017-03-29",,
"2017-04-05",0.0098,0.1271
"2017-04-06",0.1164,0.3285
"2017-04-13",0.1409,0.3963
"2017-04-14",0.1838,0.4594
"2017-04-21",0.214,
"2017-04-30",0.0129,0.1285
"2017-05-07",,
"2017-05-08",,
"2017-05-15",0.1819,0.4023
"2017-05-16",0.2264,0.4604
"2017-05-23",0.2729,0.5152
"2017-05-24",0.2052,0.4271
"2017-05-31",0.2008,0.2376
"2017-06-01",,
"2017-06-08",,
"2017-06-09",,
"2017-06-16",0.2326,0.4423
"2017-06-17",0.1869,
"2017-06-24",0.2803,0.5181
"2017-06-25",0.2236,0.4175
"2017-07-02",,0.3369
"2017-07-03",,
"2017-07-10",0.2755,0.5232
"2017-07-11",0.1883,0.3845
"2017-07-18",,0.3509
"2017-07-19",0.2731,0.5167
"2017-07-26",,
"2017-07-27",0.2574,0.4754
"2017-08-03",,
"2017-08-04",0.32,0.5346
"2017-08-11",0.3157,
"2017-08-12",0.2657,0.4769
"2017-08-19",0.288,0.4369
"2017-08-20",0.3283,0.3889
"2017-08-27",0.3286,0.5408
"2017-08-28",0.2774,0.4743
"2017-09-04",0.2285,0.4391
"2017-09-05",0.32,0.5344
"2017-09-12",0.3162,0.5441
"2017-09-20",0.2573,0.4841
"2017-09-21",0.2911,0.5276
"2017-09-28",,
"2017-09-29",0.2352,0.41
"2017-10-06",0.2414,0.3774
"2017-10-07",0.2807,0.5304
"2017-10-14",0.2689,0.5372
"2017-10-15",0.2212,0.4769
"2017-10-22",0.1688,0.3313
"2017-10-23",0.2468,0.5108
"2017-10-30",,
"2017-10-31",0.1957,0.4507
"2017-11-07",0.1219,
"2017-11-08",0.2039,0.4486
"2017-11-15",0.215,0.4595
"2017-11-16",,
"2017-11-23",,
"2017-11-24",,
"2017-12-01",0.2212,0.5974
"2017-12-02",0.1724,0.5137
"2017-12-09",0.1728,0.5343
"2017-12-10",0.2106,0.593
"2017-12-17",0.2029,0.4627
"2017-12-18",0.1573,0.4802
"2017-12-25",0.1529,0.3069
"2017-12-26",0.2083,0.5835
"2018-01-02",0.2153,0.6169
"2018-01-03",0.1494,0.4492
"2018-01-10",,
"2018-01-11",0.2057,0.5854
"2018-01-18",0.1977,
"2018-01-19",,
"2018-01-26",,
"2018-01-27",,
"2018-02-03",,
"2018-02-04",0.1471,0.4357
"2018-02-11",-0.2482,0.1063
"2018-02-12",,
"2018-02-19",0.1711,0.5363
"2018-02-20",-0.0332,0.1459
"2018-02-27",0.1299,0.3132
"2018-02-28",0.1845,0.4538
"2018-03-07",0.1839,0.5037
"2018-03-08",0.1393,0.4316
"2018-03-15",0.081,
"2018-03-16",0.1864,0.4831
"2018-03-23",,
"2018-03-24",0.143,0.3364
"2018-03-31",0.131,0.4026
"2018-04-01",0.1844,0.4564
"2018-04-08",0.1918,0.4882
"2018-04-09",0.1375,0.3919
"2018-04-16",0.1359,0.3608
"2018-04-17",0.1811,0.4369
"2018-04-24",,
"2018-04-25",0.1599,0.3377
"2018-05-02",0.1074,
"2018-05-03",,
"2018-05-11",0.1726,0.3806
"2018-05-18",0.1943,0.3794
"2018-05-19",,
"2018-05-26",0.1616,0.2504
"2018-05-27",0.181,0.4008
"2018-06-03",,
"2018-06-04",0.2516,0.4047
"2018-06-11",0.238,0.4578
"2018-06-12",0.1911,0.3542
"2018-06-19",0.2025,0.3887
"2018-06-20",0.2567,0.4801
"2018-06-27",0.2705,0.4641
"2018-06-28",0.2145,0.4111
"2018-07-05",0.193,0.2455
"2018-07-06",0.289,0.4797
"2018-07-13",0.2798,0.4255
"2018-07-14",0.2455,0.3489
"2018-07-21",0.2361,0.3996
"2018-07-22",,
"2018-07-29",0.3369,0.5051
"2018-07-30",0.2682,0.4173
"2018-08-06",0.2754,0.419
"2018-08-07",0.3236,0.4943
"2018-08-14",0.3196,0.5054
"2018-08-15",,
"2018-08-22",0.2505,
"2018-08-23",0.2858,0.4832
"2018-08-30",0.286,0.5108
"2018-09-07",0.2594,0.4821
"2018-09-08",0.2858,0.5126
"2018-09-15",0.2703,0.5128
"2018-09-16",0.223,0.4477
"2018-09-23",0.217,0.4476
"2018-09-24",,
"2018-10-01",0.2432,0.3481
"2018-10-02",,
"2018-10-17",,
"2018-10-18",0.1737,0.4262
"2018-10-25",0.1733,0.4199
"2018-10-26",0.217,0.5215
"2018-11-02",0.1767,0.3124
"2018-11-03",0.1102,0.2569
"2018-11-10",0.1658,0.4519
"2018-11-18",0.1511,0.46
"2018-11-19",0.1307,0.3956
"2018-11-26",0.0992,0.3239
"2018-11-27",,
"2018-12-04",0.2012,0.5788
"2018-12-05",0.1219,0.3272
"2018-12-12",0.1331,0.3619
"2018-12-13",0.1936,0.5891
"2018-12-20",0.2049,0.5937
"2018-12-21",0.1129,
"2018-12-28",0.1368,0.3486
"2018-12-29",0.1797,0.6116
"2019-01-05",0.1688,0.6159
"2019-01-06",0.1051,0.2539
"2019-01-13",-0.1043,0.1382
"2019-01-14",-0.0101,0.3552
"2019-01-21",0.0643,0.4113
"2019-01-22",,
"2019-01-29",-0.0405,0.1781
"2019-01-30",0.0218,0.3256
"2019-02-07",0.0166,0.1994
"2019-02-15",0.1667,0.3453
"2019-02-22",0.101,0.3123
"2019-02-23",-0.4058,0.0564
"2019-03-02",0.0871,0.2231
"2019-03-03",-0.0109,0.1588
"2019-03-10",0.17,0.3418
"2019-03-11",,
"2019-03-18",-0.3124,0.0894
"2019-03-19",0.0145,0.1865
"2019-03-26",,
"2019-03-27",0.1006,0.2366
"2019-04-04",,
"2019-04-11",,
"2019-04-12",,
"2019-04-19",0.1395,0.4058
"2019-04-20",,
"2019-04-27",0.1906,0.4473
"2019-04-28",0.143,0.3816
"2019-05-05",0.1557,0.2994
"2019-05-06",0.1958,
"2019-05-13",0.2251,0.4357
"2019-05-14",0.1667,
"2019-05-22",,
"2019-05-29",,
"2019-05-30",0.2043,0.3684
"2019-06-06",0.2222,0.4082
"2019-06-07",0.2635,0.4698
"2019-06-14",0.2885,
"2019-06-15",0.2104,0.3898
"2019-06-22",0.2549,0.4165
"2019-06-23",,
"2019-06-30",0.2899,0.4823
"2019-07-01",,
"2019-07-09",0.2776,0.4899
"2019-07-16",0.3079,0.5209
"2019-07-17",0.2527,0.3878
"2019-07-24",0.27,0.4719
"2019-07-25",0.3201,0.4771
"2019-08-01",,
"2019-08-10",,